H2
A4
100 2000
100     0.24255 11.23   42.1    17.4    67.0    24.6    0.707
150     0.16156 12.60   56.0    34.7    101     49.6    0.699
200     0.12115 13.54   68.1    56.2    131     79.9    0.704
250     0.09693 14.06   78.9    81.4    157     115     0.707
300     0.08078 14.31   89.6    111     183     158     0.701
350     0.06924 14.43   98.8    143     204     204     0.700
400     0.06059 14.48   108.2   179     226     258     0.695
450     0.05386 14.50   117.2   218     247     316     0.689
500     0.04848 14.52   126.4   261     266     378     0.691
550     0.04407 14.53   134.3   305     285     445     0.685
600     0.04040 14.55   142.4   352     305     519     0.678
700     0.03463 14.61   157.8   456     342     676     0.675
800     0.03030 14.70   172.4   569     378     849     0.670
900     0.02694 14.83   186.5   692     412     1030    0.671
1000    0.02424 14.99   201.3   830     448     1230    0.673
1100    0.02204 15.17   213.0   966     488     1460    0.662
1200    0.02020 15.37   226.2   1120    528     1700    0.659
1300    0.01865 15.59   238.5   1279    568     1955    0.655
1400    0.01732 15.81   250.7   1447    610     2230    0.650
1500    0.01616 16.02   262.7   1626    655     2530    0.643
1600    0.0152  16.28   273.7   1801    697     2815    0.639
1700    0.0143  16.58   284.9   1992    742     3130    0.637
1800    0.0135  16.96   296.1   2193    786     3435    0.639
1900    0.0128  17.49   307.2   2400    835     3730    0.643
2000    0.0121  18.25   318.2   2630    878     3975    0.661