CO2
A4
280 800
280     1.9022  0.830   140     7.36    15.20   9.63    0.765
300     1.7730  0.851   149     8.40    16.55   11.0    0.766
320     1.6609  0.872   156     9.39    18.05   12.5    0.754
340     1.5618  0.891   165     10.6    19.7    14.2    0.746
360     1.4743  0.908   173     11.7    21.2    15.8    0.741
380     1.3961  0.926   181     13.0    22.75   17.6    0.737
400     1.3257  0.942   190     14.3    24.3    19.5    0.737
450     1.1782  0.981   210     17.8    28.3    24.5    0.728
500     1.0594  1.02    231     21.8    32.5    30.1    0.725
550     0.9625  1.05    251     26.1    36.6    36.2    0.721
600     0.8826  1.08    270     30.6    40.7    42.7    0.717
650     0.8143  1.10    288     35.4    44.5    49.7    0.712
700     0.7564  1.13    305     40.3    48.1    56.3    0.717
750     0.7057  1.15    321     45.5    51.7    63.7    0.714
800     0.6614  1.17    337     51.0    55.1    71.2    0.716