HG
A5
273 600
273 13595   0.1404  0.1688  0.1240  8180    42.85   0.0290  0.181
300 13529   0.1393  0.1523  0.1125  8540    45.30   0.0248  0.181
350 13407   0.1377  0.1309  0.0976  9180    49.75   0.0196  0.181
400 13287   0.1365  0.1171  0.0882  9800    54.05   0.0163  0.181
450 13167   0.1357  0.1075  0.0816  10400   58.10   0.0140  0.181
500 13048   0.1353  0.1007  0.0771  10950   61.90   0.0125  0.182
550 12929   0.1352  0.0953  0.0737  11450   65.55   0.0112  0.184
600 12809   0.1355  0.0911  0.0711  11950   68.80   0.0103  0.187