R22
A5
230 360
230 1416.0  1.087   0.03558 0.2513  114.5   0.744   3.4 2.05
240 1386.6  1.100   0.03145 0.2268  109.8   0.720   3.2 2.16
250 1356.3  1.117   0.02796 0.2062  105.2   0.695   3.0 2.29
260 1324.9  1.137   0.02497 0.1884  100.7   0.668   2.8 2.45
270 1292.1  1.161   0.02235 0.1730  96.2    0.641   2.7 2.63
280 1257.9  1.189   0.02005 0.1594  91.7    0.613   2.6 2.86
290 1221.7  1.223   0.01798 0.1472  87.2    0.583   2.5 3.15
300 1183.4  1.265   0.01610 0.1361  82.6    0.552   2.5 3.51
310 1142.2  1.319   0.01438 0.1259  78.1    0.518   2.4 4.00
320 1097.4  1.391   0.01278 0.1165  73.4    0.481   2.4 4.69
330 1047.5  1.495   0.01127 0.1075  68.6    0.438   2.5 5.75
340 990.1   1.665   0.00980 0.0989  63.6    0.386   2.6 7.56
350 920.1   1.997   0.00831 0.0904  58.3    0.317   2.8 11.35
360 823.4   3.001   0.00668 0.0811  53.1    0.215   3.8 23.88