CO
A4
200 800
200     1.6888      1.045   127     7.52    17.0    9.63    0.781
220     1.5341      1.044   137     8.93    19.0    11.9    0.753
240     1.4055      1.043   147     10.5    20.6    14.1    0.744
260     1.2967      1.043   157     12.1    22.1    16.3    0.741
280     1.2038      1.042   166     13.8    23.6    18.8    0.733
300     1.1233      1.043   175     15.6    25.0    21.3    0.730
320     1.0529      1.043   184     17.5    26.3    23.9    0.730
340     0.9909      1.044   193     19.5    27.8    26.9    0.725
360     0.9357      1.045   202     21.6    29.1    29.8    0.725
380     0.8864      1.047   210     23.7    30.5    32.9    0.729
400     0.8421      1.049   218     25.9    31.8    36.0    0.719
450     0.7483      1.055   237     31.7    35.0    44.3    0.714
500     0.67352     1.065   254     37.7    38.1    53.1    0.710
550     0.61226     1.076   271     44.3    41.1    62.4    0.710
600     0.56126     1.088   286     51.0    44.0    72.1    0.707
650     0.51806     1.101   301     58.1    47.0    82.4    0.705
700     0.48102     1.114   315     65.5    50.0    93.3    0.702
750     0.44899     1.127   329     73.3    52.8    104     0.702
800     0.42095     1.140   343     81.5    55.5    116     0.705