O2
A4
100 1300
100     3.945   0.962   76.4    1.94    9.25    2.44    0.796
150     2.585   0.921   114.8   4.44    13.8    5.80    0.766
200     1.930   0.915   147.5   7.64    18.3    10.4    0.737
250     1.542   0.915   178.6   11.58   22.6    16.0    0.723
300     1.284   0.920   207.2   16.14   26.8    22.7    0.711
350     1.100   0.929   233.5   21.23   29.6    29.0    0.733
400     0.9620  0.942   258.2   26.84   33.0    36.4    0.737
450     0.8554  0.956   281.4   32.90   36.3    44.4    0.741
500     0.7698  0.972   303.3   39.40   41.2    55.1    0.716
550     0.6998  0.988   324.0   46.30   44.1    63.8    0.726
600     0.6414  1.003   343.7   53.59   47.3    73.5    0.729
700     0.5498  1.031   380.8   69.26   52.8    93.1    0.744
800     0.4810  1.054   415.2   86.32   58.9    116     0.743
900     0.4275  1.074   447.2   104.6   64.9    141     0.740
1000    0.3848  1.090   477.0   124.0   71.0    169     0.733
1100    0.3498  1.103   505.5   144.5   75.8    196     0.736
1200    0.3206  1.115   532.5   166.1   81.9    229     0.725
1300    0.2960  1.125   588.4   188.6   87.1    262     0.721