N2
A4
100 1300
100     3.4388  1.070   68.8    2.00    9.58    2.60    0.768
150     2.2594  1.050   100.6   4.45    13.9    5.86    0.759
200     1.6883  1.043   129.2   7.65    18.3    10.4    0.736
250     1.3488  1.042   154.9   11.48   22.2    15.8    0.727
300     1.1233  1.041   178.2   15.86   25.9    22.1    0.716
350     0.9625  1.042   200.0   20.78   29.3    29.2    0.711
400     0.8425  1.045   220.4   26.16   32.7    37.1    0.704
450     0.7485  1.050   239.6   32.01   35.8    45.6    0.703
500     0.6739  1.056   257.7   38.24   38.9    54.7    0.700
550     0.6124  1.065   274.7   44.86   41.7    63.9    0.702
600     0.5615  1.075   290.8   51.79   44.6    73.9    0.701
700     0.4812  1.098   321.0   66.71   49.9    94.4    0.706
800     0.4211  1.122   349.1   82.90   54.8    116     0.715
900     0.3743  1.146   375.3   100.3   59.7    139     0.721
1000    0.3368  1.167   399.9   118.7   64.7    165     0.721
1100    0.3062  1.187   423.2   138.2   70.0    193     0.718
1200    0.2807  1.204   445.3   158.6   75.8    224     0.707
1300    0.2591  1.219   466.2   179.9   81.0    256     0.701