HE
A4
100 1000
100     0.4871  5.193   96.3    19.8    73.0    28.9    0.686
120     0.4060  5.193   107     26.4    81.9    38.8    0.679
140     0.3481  5.193   118     33.9    90.7    50.2    0.676
160     "NaN"      5.193   129     "NaN"      99.2    "NaN"      "NaN"
180     0.2708  5.193   139     51.3    107.2   76.2    0.673
200     "NaN"      5.193   150     "NaN"      115.1   "NaN"      "NaN"
220     0.2216  5.193   160     72.2    123.1   107     0.675
240     "NaN"      5.193   170     "NaN"      130     "NaN"      "NaN"
260     0.1875  5.193   180     96.0    137     141     0.682
280     "NaN"      5.193   190     "NaN"      145     "NaN"      "NaN"
300     0.1625  5.193   199     122     152     180     0.680
350     "NaN"      5.193   221     "NaN"      170     "NaN"      "NaN"
400     0.1219  5.193   243     199     187     295     0.675
450     "NaN"      5.193   263     "NaN"      204     "NaN"      "NaN"
500     0.09754 5.193   283     290     220     434     0.668
550     "NaN"      5.193   "NaN"      "NaN"      "NaN"      "NaN"      "NaN"
600     "NaN"      5.193   320     "NaN"      252     "NaN"      "NaN"
650     "NaN"      5.193   332     "NaN"      264     "NaN"      "NaN"
700     0.06969 5.193   350     502     278     768     0.654
750     "NaN"      5.193   364     "NaN"      291     "NaN"      "NaN"
800     "NaN"      5.193   382     "NaN"      204     "NaN"      "NaN"
900     "NaN"      5.193   414     "NaN"      330     "NaN"      "NaN"
1000    0.04879 5.193   446     914     354     1400    0.654    