R134A
A5
230 370
230 1426.8  1.249   0.04912 0.3443  112.1   0.629   5.5 2.02
240 1397.7  1.267   0.04202 0.3006  107.3   0.606   5.0 2.11
250 1367.9  1.287   0.03633 0.2656  102.5   0.583   4.6 2.23
260 1337.1  1.308   0.03166 0.2368  97.9    0.560   4.2 2.36
270 1305.1  1.333   0.02775 0.2127  93.4    0.537   4.0 2.53
280 1271.8  1.361   0.02443 0.1921  89.0    0.514   3.7 2.73
290 1236.8  1.393   0.02156 0.1744  84.6    0.491   3.5 2.98
300 1199.7  1.432   0.01905 0.1588  80.3    0.468   3.4 3.30
310 1159.9  1.481   0.01680 0.1449  76.1    0.443   3.3 3.73
320 1116.8  1.543   0.01478 0.1323  71.8    0.417   3.2 4.33
330 1069.1  1.627   0.01292 0.1209  67.5    0.388   3.1 5.19
340 1015.0  1.751   0.01118 0.1102  63.1    0.355   3.1 6.57
350 951.3   1.961   0.00951 0.1000  58.6    0.314   3.2 9.10
360 870.1   2.437   0.00781 0.0898  54.1    0.255   3.5 15.39
370 740.3   5.105   0.00580 0.0783  51.8    0.137   5.7 55.24